(0,0):(0,0)
(1,0):(30,0)
(2,0):(60,0)
(3,0):(90,0)
(4,0):(120,0)
(0,1):(0,30)
(1,1):(30,30)
(2,1):(60,30)
(3,1):(90,30)
(4,1):(120,30)
(0,2):(0,60)
(1,2):(30,60)
(2,2):(60,60)
(3,2):(90,60)
(4,2):(120,60)
(0,3):(0,90)
(1,3):(30,90)
(2,3):(60,90)
(3,3):(90,90)
(0,4):(0,120)
(1,4):(30,120)
(2,4):(60,120)
(-1,0):(-30,0)
(-2,0):(-60,0)
(-3,0):(-90,0)
(-4,0):(-120,0)
(-5,0):(-150,0)
(-1,1):(-30,30)
(-2,1):(-60,30)
(-3,1):(-90,30)
(-4,1):(-120,30)
(-5,1):(-150,30)
(-1,2):(-30,60)
(-2,2):(-60,60)
(-3,2):(-90,60)
(-4,2):(-120,60)
(-5,2):(-150,60)
(-1,3):(-30,90)
(-2,3):(-60,90)
(-3,3):(-90,90)
(-4,3):(-120,90)
(-1,4):(-30,120)
(-2,4):(-60,120)
(-3,4):(-90,120)
(-1,-1):(-30,-30)
(-2,-1):(-60,-30)
(-3,-1):(-90,-30)
(-4,-1):(-120,-30)
(-5,-1):(-150,-30)
(-1,-2):(-30,-60)
(-2,-2):(-60,-60)
(-3,-2):(-90,-60)
(-4,-2):(-120,-60)
(-5,-2):(-150,-60)
(-1,-3):(-30,-90)
(-2,-3):(-60,-90)
(-3,-3):(-90,-90)
(-4,-3):(-120,-90)
(-5,-3):(-150,-90)
(-1,-4):(-30,-120)
(-2,-4):(-60,-120)
(-3,-4):(-90,-120)
(-4,-4):(-120,-120)
(-1,-5):(-30,-150)
(-2,-5):(-60,-150)
(-3,-5):(-90,-150)
(0,-1):(0,-30)
(1,-1):(30,-30)
(2,-1):(60,-30)
(3,-1):(90,-30)
(4,-1):(120,-30)
(0,-2):(0,-60)
(1,-2):(30,-60)
(2,-2):(60,-60)
(3,-2):(90,-60)
(4,-2):(120,-60)
(0,-3):(0,-90)
(1,-3):(30,-90)
(2,-3):(60,-90)
(3,-3):(90,-90)
(4,-3):(120,-90)
(0,-4):(0,-120)
(1,-4):(30,-120)
(2,-4):(60,-120)
(3,-4):(90,-120)
(0,-5):(0,-150)
(1,-5):(30,-150)
(2,-5):(60,-150)
